e1 = 0.000072;
e10 = 0.015;
e11 = 0.015;
e12 = 0.015;
e13 = 0.015;
e14 = 0.000008;
e15 = 0.00052;
e16 = 0.00052;
e17 = 0.0117;
e18 = 0.0117;
e19 = 0.0038;
e2 = 0.018;
e20 = 0.0038;
e21 = 0.016;
e22 = 0.016;
e23 = 0.016;
e24 = 0.016;
e25 = 0.016;
e26 = 0.016;
e27 = 0.016;
e28 = 0.016;
e29 = 0.0137;
e3 = 0.018;
e30 = 0.0137;
e31 = 0.0137;
e32 = 0.0137;
e33 = 0.015;
e34 = 0.015;
e35 = 0.015;
e36 = 0.015;
e37 = 0.016;
e38 = 0.016;
e39 = 0.016;
e4 = 0.018;
e40 = 0.016;
e41 = 0.015;
e42 = 0.015;
e43 = 0.015;
e44 = 0.015;
e45 = 0.0218;
e46 = 0.0218;
e47 = 0.0218;
e48 = 0.0218;
e49 = 0.016;
e5 = 0.018;
e50 = 0.016;
e51 = 0.016;
e52 = 0.016;
e53 = 0.01;
e54 = 0.112;
e55 = 0.112;
e56 = 0.112;
e57 = 0.112;
e58 = 0.051;
e59 = 0.051;
e6 = 0.0188;
e60 = 0.051;
e61 = 0.051;
e7 = 0.0188;
e8 = 0.0188;
e9 = 0.0188;
